Protein	Helix1	Helix2	Cont 1	Cont 2	Global Angle	Local Angle	Distance	Covalnt	Electro	H-Bond	VDW
4hkr	0	1	6	5	-149.917678	-158.106306	9.169854	0	0	0	5
4hkr	0	2	4	3	25.694944	31.438094	11.673863	0	0	1	3
4hkr	1	2	10	13	-152.727615	-154.271049	8.227820	0	0	2	21
4hkr	2	4	8	8	-148.464786	-148.565048	9.205656	0	0	0	9
4hkr	0	6	13	14	-6.349984	-4.657063	6.723275	0	0	2	16
4hkr	6	7	6	5	-149.842489	-158.169931	9.335140	0	0	0	6
4hkr	0	8	4	5	29.399066	13.190456	10.112136	0	0	0	2
4hkr	1	8	11	8	175.018053	173.925958	9.894935	0	0	0	6
4hkr	7	8	10	13	-152.876209	-154.520094	8.230063	0	0	2	15
4hkr	1	9	5	4	-23.098818	-27.950889	8.277974	0	0	0	1
4hkr	8	10	7	8	-152.347655	-154.348611	9.305829	0	0	0	2
4hkr	5	11	6	5	-150.641322	-151.230672	9.569337	0	0	0	2
